{
 "cells": [
  {
   "cell_type": "code",
   "execution_count": 1,
   "metadata": {},
   "outputs": [],
   "source": [
    "import pandas as pd \n",
    "from data_capture import FromYF\n",
    "import inputs\n",
    "from pypfopt.expected_returns import returns_from_prices\n",
    "from core.statistics import population_stats, sample_stats"
   ]
  },
  {
   "cell_type": "code",
   "execution_count": 9,
   "metadata": {},
   "outputs": [
    {
     "name": "stdout",
     "output_type": "stream",
     "text": [
      "[*********************100%***********************]  5 of 5 completed\n"
     ]
    },
    {
     "data": {
      "text/html": [
       "<div>\n",
       "<style scoped>\n",
       "    .dataframe tbody tr th:only-of-type {\n",
       "        vertical-align: middle;\n",
       "    }\n",
       "\n",
       "    .dataframe tbody tr th {\n",
       "        vertical-align: top;\n",
       "    }\n",
       "\n",
       "    .dataframe thead th {\n",
       "        text-align: right;\n",
       "    }\n",
       "</style>\n",
       "<table border=\"1\" class=\"dataframe\">\n",
       "  <thead>\n",
       "    <tr style=\"text-align: right;\">\n",
       "      <th></th>\n",
       "      <th>AAPL</th>\n",
       "      <th>AMZN</th>\n",
       "      <th>GOOGL</th>\n",
       "      <th>TSLA</th>\n",
       "      <th>^RUA</th>\n",
       "    </tr>\n",
       "    <tr>\n",
       "      <th>Date</th>\n",
       "      <th></th>\n",
       "      <th></th>\n",
       "      <th></th>\n",
       "      <th></th>\n",
       "      <th></th>\n",
       "    </tr>\n",
       "  </thead>\n",
       "  <tbody>\n",
       "    <tr>\n",
       "      <th>2020-07-28</th>\n",
       "      <td>-0.016427</td>\n",
       "      <td>-0.017963</td>\n",
       "      <td>-0.016856</td>\n",
       "      <td>-0.040991</td>\n",
       "      <td>-0.007094</td>\n",
       "    </tr>\n",
       "    <tr>\n",
       "      <th>2020-07-29</th>\n",
       "      <td>0.019168</td>\n",
       "      <td>0.011065</td>\n",
       "      <td>0.013208</td>\n",
       "      <td>0.015320</td>\n",
       "      <td>0.013811</td>\n",
       "    </tr>\n",
       "    <tr>\n",
       "      <th>2020-07-30</th>\n",
       "      <td>0.012100</td>\n",
       "      <td>0.006049</td>\n",
       "      <td>0.009754</td>\n",
       "      <td>-0.007751</td>\n",
       "      <td>-0.003390</td>\n",
       "    </tr>\n",
       "    <tr>\n",
       "      <th>2020-07-31</th>\n",
       "      <td>0.104689</td>\n",
       "      <td>0.036961</td>\n",
       "      <td>-0.032775</td>\n",
       "      <td>-0.038138</td>\n",
       "      <td>0.005645</td>\n",
       "    </tr>\n",
       "    <tr>\n",
       "      <th>2020-08-03</th>\n",
       "      <td>0.025197</td>\n",
       "      <td>-0.016681</td>\n",
       "      <td>-0.003488</td>\n",
       "      <td>0.037910</td>\n",
       "      <td>0.008723</td>\n",
       "    </tr>\n",
       "    <tr>\n",
       "      <th>...</th>\n",
       "      <td>...</td>\n",
       "      <td>...</td>\n",
       "      <td>...</td>\n",
       "      <td>...</td>\n",
       "      <td>...</td>\n",
       "    </tr>\n",
       "    <tr>\n",
       "      <th>2022-07-20</th>\n",
       "      <td>0.013510</td>\n",
       "      <td>0.038575</td>\n",
       "      <td>0.000791</td>\n",
       "      <td>0.008023</td>\n",
       "      <td>0.007983</td>\n",
       "    </tr>\n",
       "    <tr>\n",
       "      <th>2022-07-21</th>\n",
       "      <td>0.015094</td>\n",
       "      <td>0.015150</td>\n",
       "      <td>0.003863</td>\n",
       "      <td>0.097805</td>\n",
       "      <td>0.009424</td>\n",
       "    </tr>\n",
       "    <tr>\n",
       "      <th>2022-07-22</th>\n",
       "      <td>-0.008111</td>\n",
       "      <td>-0.017732</td>\n",
       "      <td>-0.056323</td>\n",
       "      <td>0.001975</td>\n",
       "      <td>-0.010572</td>\n",
       "    </tr>\n",
       "    <tr>\n",
       "      <th>2022-07-25</th>\n",
       "      <td>-0.007398</td>\n",
       "      <td>-0.010456</td>\n",
       "      <td>-0.003614</td>\n",
       "      <td>-0.013995</td>\n",
       "      <td>0.001458</td>\n",
       "    </tr>\n",
       "    <tr>\n",
       "      <th>2022-07-26</th>\n",
       "      <td>-0.008826</td>\n",
       "      <td>-0.052254</td>\n",
       "      <td>-0.023161</td>\n",
       "      <td>-0.035664</td>\n",
       "      <td>-0.012013</td>\n",
       "    </tr>\n",
       "  </tbody>\n",
       "</table>\n",
       "<p>501 rows × 5 columns</p>\n",
       "</div>"
      ],
      "text/plain": [
       "                AAPL      AMZN     GOOGL      TSLA      ^RUA\n",
       "Date                                                        \n",
       "2020-07-28 -0.016427 -0.017963 -0.016856 -0.040991 -0.007094\n",
       "2020-07-29  0.019168  0.011065  0.013208  0.015320  0.013811\n",
       "2020-07-30  0.012100  0.006049  0.009754 -0.007751 -0.003390\n",
       "2020-07-31  0.104689  0.036961 -0.032775 -0.038138  0.005645\n",
       "2020-08-03  0.025197 -0.016681 -0.003488  0.037910  0.008723\n",
       "...              ...       ...       ...       ...       ...\n",
       "2022-07-20  0.013510  0.038575  0.000791  0.008023  0.007983\n",
       "2022-07-21  0.015094  0.015150  0.003863  0.097805  0.009424\n",
       "2022-07-22 -0.008111 -0.017732 -0.056323  0.001975 -0.010572\n",
       "2022-07-25 -0.007398 -0.010456 -0.003614 -0.013995  0.001458\n",
       "2022-07-26 -0.008826 -0.052254 -0.023161 -0.035664 -0.012013\n",
       "\n",
       "[501 rows x 5 columns]"
      ]
     },
     "execution_count": 9,
     "metadata": {},
     "output_type": "execute_result"
    }
   ],
   "source": [
    "watchlist_df = pd.read_excel(inputs.WATCHLIST_PATH,index_col=0)\n",
    "watchlist = watchlist_df.index.tolist()\n",
    "watchlist.append(inputs.MARKET)\n",
    "\n",
    "price_df = FromYF.get_prices(watchlist,period=inputs.PERIOD,interval=inputs.INTERVAL)\n",
    "\n",
    "returns_df = returns_from_prices(price_df,log_returns=inputs.IS_CONTINOUSLY_COMPOUNDED)\n",
    "\n",
    "returns_df"
   ]
  },
  {
   "cell_type": "code",
   "execution_count": 3,
   "metadata": {},
   "outputs": [
    {
     "data": {
      "text/html": [
       "<div>\n",
       "<style scoped>\n",
       "    .dataframe tbody tr th:only-of-type {\n",
       "        vertical-align: middle;\n",
       "    }\n",
       "\n",
       "    .dataframe tbody tr th {\n",
       "        vertical-align: top;\n",
       "    }\n",
       "\n",
       "    .dataframe thead th {\n",
       "        text-align: right;\n",
       "    }\n",
       "</style>\n",
       "<table border=\"1\" class=\"dataframe\">\n",
       "  <thead>\n",
       "    <tr style=\"text-align: right;\">\n",
       "      <th></th>\n",
       "      <th>average</th>\n",
       "      <th>stdev</th>\n",
       "      <th>variance</th>\n",
       "      <th>skewness</th>\n",
       "      <th>kurtoses</th>\n",
       "      <th>confub</th>\n",
       "      <th>conflb</th>\n",
       "    </tr>\n",
       "    <tr>\n",
       "      <th>tickers</th>\n",
       "      <th></th>\n",
       "      <th></th>\n",
       "      <th></th>\n",
       "      <th></th>\n",
       "      <th></th>\n",
       "      <th></th>\n",
       "      <th></th>\n",
       "    </tr>\n",
       "  </thead>\n",
       "  <tbody>\n",
       "    <tr>\n",
       "      <th>AAPL</th>\n",
       "      <td>0.001241</td>\n",
       "      <td>0.020259</td>\n",
       "      <td>0.000410</td>\n",
       "      <td>0.047758</td>\n",
       "      <td>1.926385</td>\n",
       "      <td>0.040948</td>\n",
       "      <td>-0.038466</td>\n",
       "    </tr>\n",
       "    <tr>\n",
       "      <th>AMZN</th>\n",
       "      <td>-0.000137</td>\n",
       "      <td>0.022746</td>\n",
       "      <td>0.000517</td>\n",
       "      <td>-0.266080</td>\n",
       "      <td>5.529513</td>\n",
       "      <td>0.044445</td>\n",
       "      <td>-0.044718</td>\n",
       "    </tr>\n",
       "    <tr>\n",
       "      <th>GOOGL</th>\n",
       "      <td>0.000881</td>\n",
       "      <td>0.018848</td>\n",
       "      <td>0.000355</td>\n",
       "      <td>0.082473</td>\n",
       "      <td>1.186438</td>\n",
       "      <td>0.037824</td>\n",
       "      <td>-0.036061</td>\n",
       "    </tr>\n",
       "    <tr>\n",
       "      <th>TSLA</th>\n",
       "      <td>0.002839</td>\n",
       "      <td>0.041386</td>\n",
       "      <td>0.001713</td>\n",
       "      <td>0.048418</td>\n",
       "      <td>2.673190</td>\n",
       "      <td>0.083955</td>\n",
       "      <td>-0.078277</td>\n",
       "    </tr>\n",
       "    <tr>\n",
       "      <th>^RUA</th>\n",
       "      <td>0.000449</td>\n",
       "      <td>0.011580</td>\n",
       "      <td>0.000134</td>\n",
       "      <td>-0.504852</td>\n",
       "      <td>1.055694</td>\n",
       "      <td>0.023145</td>\n",
       "      <td>-0.022247</td>\n",
       "    </tr>\n",
       "  </tbody>\n",
       "</table>\n",
       "</div>"
      ],
      "text/plain": [
       "          average     stdev  variance  skewness  kurtoses    confub    conflb\n",
       "tickers                                                                      \n",
       "AAPL     0.001241  0.020259  0.000410  0.047758  1.926385  0.040948 -0.038466\n",
       "AMZN    -0.000137  0.022746  0.000517 -0.266080  5.529513  0.044445 -0.044718\n",
       "GOOGL    0.000881  0.018848  0.000355  0.082473  1.186438  0.037824 -0.036061\n",
       "TSLA     0.002839  0.041386  0.001713  0.048418  2.673190  0.083955 -0.078277\n",
       "^RUA     0.000449  0.011580  0.000134 -0.504852  1.055694  0.023145 -0.022247"
      ]
     },
     "execution_count": 3,
     "metadata": {},
     "output_type": "execute_result"
    }
   ],
   "source": [
    "pop_stats_df = population_stats(returns_df)\n",
    "\n",
    "pop_stats_df"
   ]
  },
  {
   "cell_type": "code",
   "execution_count": 4,
   "metadata": {},
   "outputs": [
    {
     "data": {
      "text/html": [
       "<div>\n",
       "<style scoped>\n",
       "    .dataframe tbody tr th:only-of-type {\n",
       "        vertical-align: middle;\n",
       "    }\n",
       "\n",
       "    .dataframe tbody tr th {\n",
       "        vertical-align: top;\n",
       "    }\n",
       "\n",
       "    .dataframe thead th {\n",
       "        text-align: right;\n",
       "    }\n",
       "</style>\n",
       "<table border=\"1\" class=\"dataframe\">\n",
       "  <thead>\n",
       "    <tr style=\"text-align: right;\">\n",
       "      <th></th>\n",
       "      <th>average</th>\n",
       "      <th>ster</th>\n",
       "      <th>skewness</th>\n",
       "      <th>kurtoses</th>\n",
       "      <th>confub</th>\n",
       "      <th>conflb</th>\n",
       "      <th>t_stat</th>\n",
       "    </tr>\n",
       "    <tr>\n",
       "      <th>tickers</th>\n",
       "      <th></th>\n",
       "      <th></th>\n",
       "      <th></th>\n",
       "      <th></th>\n",
       "      <th></th>\n",
       "      <th></th>\n",
       "      <th></th>\n",
       "    </tr>\n",
       "  </thead>\n",
       "  <tbody>\n",
       "    <tr>\n",
       "      <th>AAPL</th>\n",
       "      <td>-0.000760</td>\n",
       "      <td>0.001865</td>\n",
       "      <td>-0.033211</td>\n",
       "      <td>0.107073</td>\n",
       "      <td>0.002897</td>\n",
       "      <td>-0.004416</td>\n",
       "      <td>-1.072517</td>\n",
       "    </tr>\n",
       "    <tr>\n",
       "      <th>AMZN</th>\n",
       "      <td>-0.001679</td>\n",
       "      <td>0.002786</td>\n",
       "      <td>-0.185071</td>\n",
       "      <td>3.235870</td>\n",
       "      <td>0.003782</td>\n",
       "      <td>-0.007140</td>\n",
       "      <td>-0.553609</td>\n",
       "    </tr>\n",
       "    <tr>\n",
       "      <th>GOOGL</th>\n",
       "      <td>-0.001822</td>\n",
       "      <td>0.002068</td>\n",
       "      <td>0.224800</td>\n",
       "      <td>-0.111387</td>\n",
       "      <td>0.002231</td>\n",
       "      <td>-0.005875</td>\n",
       "      <td>-1.307209</td>\n",
       "    </tr>\n",
       "    <tr>\n",
       "      <th>TSLA</th>\n",
       "      <td>-0.000845</td>\n",
       "      <td>0.003812</td>\n",
       "      <td>-0.016976</td>\n",
       "      <td>0.357785</td>\n",
       "      <td>0.006626</td>\n",
       "      <td>-0.008317</td>\n",
       "      <td>-0.966372</td>\n",
       "    </tr>\n",
       "    <tr>\n",
       "      <th>^RUA</th>\n",
       "      <td>-0.001287</td>\n",
       "      <td>0.001355</td>\n",
       "      <td>-0.194126</td>\n",
       "      <td>-0.297242</td>\n",
       "      <td>0.001367</td>\n",
       "      <td>-0.003942</td>\n",
       "      <td>-1.282219</td>\n",
       "    </tr>\n",
       "  </tbody>\n",
       "</table>\n",
       "</div>"
      ],
      "text/plain": [
       "          average      ster  skewness  kurtoses    confub    conflb    t_stat\n",
       "tickers                                                                      \n",
       "AAPL    -0.000760  0.001865 -0.033211  0.107073  0.002897 -0.004416 -1.072517\n",
       "AMZN    -0.001679  0.002786 -0.185071  3.235870  0.003782 -0.007140 -0.553609\n",
       "GOOGL   -0.001822  0.002068  0.224800 -0.111387  0.002231 -0.005875 -1.307209\n",
       "TSLA    -0.000845  0.003812 -0.016976  0.357785  0.006626 -0.008317 -0.966372\n",
       "^RUA    -0.001287  0.001355 -0.194126 -0.297242  0.001367 -0.003942 -1.282219"
      ]
     },
     "execution_count": 4,
     "metadata": {},
     "output_type": "execute_result"
    }
   ],
   "source": [
    "sample_start = inputs.SAMPLE_START\n",
    "\n",
    "sample_stats_df = sample_stats(returns_df, sample_start)\n",
    "\n",
    "sample_stats_df"
   ]
  },
  {
   "cell_type": "code",
   "execution_count": 5,
   "metadata": {},
   "outputs": [
    {
     "data": {
      "text/html": [
       "<div>\n",
       "<style scoped>\n",
       "    .dataframe tbody tr th:only-of-type {\n",
       "        vertical-align: middle;\n",
       "    }\n",
       "\n",
       "    .dataframe tbody tr th {\n",
       "        vertical-align: top;\n",
       "    }\n",
       "\n",
       "    .dataframe thead th {\n",
       "        text-align: right;\n",
       "    }\n",
       "</style>\n",
       "<table border=\"1\" class=\"dataframe\">\n",
       "  <thead>\n",
       "    <tr style=\"text-align: right;\">\n",
       "      <th></th>\n",
       "      <th>AAPL</th>\n",
       "      <th>AMZN</th>\n",
       "      <th>GOOGL</th>\n",
       "      <th>TSLA</th>\n",
       "      <th>^RUA</th>\n",
       "    </tr>\n",
       "  </thead>\n",
       "  <tbody>\n",
       "    <tr>\n",
       "      <th>AAPL</th>\n",
       "      <td>0.000410</td>\n",
       "      <td>0.000302</td>\n",
       "      <td>0.000231</td>\n",
       "      <td>0.000444</td>\n",
       "      <td>0.000174</td>\n",
       "    </tr>\n",
       "    <tr>\n",
       "      <th>AMZN</th>\n",
       "      <td>0.000302</td>\n",
       "      <td>0.000517</td>\n",
       "      <td>0.000276</td>\n",
       "      <td>0.000433</td>\n",
       "      <td>0.000187</td>\n",
       "    </tr>\n",
       "    <tr>\n",
       "      <th>GOOGL</th>\n",
       "      <td>0.000231</td>\n",
       "      <td>0.000276</td>\n",
       "      <td>0.000355</td>\n",
       "      <td>0.000328</td>\n",
       "      <td>0.000166</td>\n",
       "    </tr>\n",
       "    <tr>\n",
       "      <th>TSLA</th>\n",
       "      <td>0.000444</td>\n",
       "      <td>0.000433</td>\n",
       "      <td>0.000328</td>\n",
       "      <td>0.001713</td>\n",
       "      <td>0.000272</td>\n",
       "    </tr>\n",
       "    <tr>\n",
       "      <th>^RUA</th>\n",
       "      <td>0.000174</td>\n",
       "      <td>0.000187</td>\n",
       "      <td>0.000166</td>\n",
       "      <td>0.000272</td>\n",
       "      <td>0.000134</td>\n",
       "    </tr>\n",
       "  </tbody>\n",
       "</table>\n",
       "</div>"
      ],
      "text/plain": [
       "           AAPL      AMZN     GOOGL      TSLA      ^RUA\n",
       "AAPL   0.000410  0.000302  0.000231  0.000444  0.000174\n",
       "AMZN   0.000302  0.000517  0.000276  0.000433  0.000187\n",
       "GOOGL  0.000231  0.000276  0.000355  0.000328  0.000166\n",
       "TSLA   0.000444  0.000433  0.000328  0.001713  0.000272\n",
       "^RUA   0.000174  0.000187  0.000166  0.000272  0.000134"
      ]
     },
     "execution_count": 5,
     "metadata": {},
     "output_type": "execute_result"
    }
   ],
   "source": [
    "covariance_matrix = returns_df.cov(min_periods=None, ddof=1)\n",
    "\n",
    "covariance_matrix"
   ]
  },
  {
   "cell_type": "code",
   "execution_count": 6,
   "metadata": {},
   "outputs": [
    {
     "data": {
      "text/html": [
       "<div>\n",
       "<style scoped>\n",
       "    .dataframe tbody tr th:only-of-type {\n",
       "        vertical-align: middle;\n",
       "    }\n",
       "\n",
       "    .dataframe tbody tr th {\n",
       "        vertical-align: top;\n",
       "    }\n",
       "\n",
       "    .dataframe thead th {\n",
       "        text-align: right;\n",
       "    }\n",
       "</style>\n",
       "<table border=\"1\" class=\"dataframe\">\n",
       "  <thead>\n",
       "    <tr style=\"text-align: right;\">\n",
       "      <th></th>\n",
       "      <th>AAPL</th>\n",
       "      <th>AMZN</th>\n",
       "      <th>GOOGL</th>\n",
       "      <th>TSLA</th>\n",
       "      <th>^RUA</th>\n",
       "    </tr>\n",
       "  </thead>\n",
       "  <tbody>\n",
       "    <tr>\n",
       "      <th>AAPL</th>\n",
       "      <td>1.000000</td>\n",
       "      <td>0.655670</td>\n",
       "      <td>0.605585</td>\n",
       "      <td>0.529774</td>\n",
       "      <td>0.740708</td>\n",
       "    </tr>\n",
       "    <tr>\n",
       "      <th>AMZN</th>\n",
       "      <td>0.655670</td>\n",
       "      <td>1.000000</td>\n",
       "      <td>0.642640</td>\n",
       "      <td>0.459592</td>\n",
       "      <td>0.709290</td>\n",
       "    </tr>\n",
       "    <tr>\n",
       "      <th>GOOGL</th>\n",
       "      <td>0.605585</td>\n",
       "      <td>0.642640</td>\n",
       "      <td>1.000000</td>\n",
       "      <td>0.420040</td>\n",
       "      <td>0.761931</td>\n",
       "    </tr>\n",
       "    <tr>\n",
       "      <th>TSLA</th>\n",
       "      <td>0.529774</td>\n",
       "      <td>0.459592</td>\n",
       "      <td>0.420040</td>\n",
       "      <td>1.000000</td>\n",
       "      <td>0.567896</td>\n",
       "    </tr>\n",
       "    <tr>\n",
       "      <th>^RUA</th>\n",
       "      <td>0.740708</td>\n",
       "      <td>0.709290</td>\n",
       "      <td>0.761931</td>\n",
       "      <td>0.567896</td>\n",
       "      <td>1.000000</td>\n",
       "    </tr>\n",
       "  </tbody>\n",
       "</table>\n",
       "</div>"
      ],
      "text/plain": [
       "           AAPL      AMZN     GOOGL      TSLA      ^RUA\n",
       "AAPL   1.000000  0.655670  0.605585  0.529774  0.740708\n",
       "AMZN   0.655670  1.000000  0.642640  0.459592  0.709290\n",
       "GOOGL  0.605585  0.642640  1.000000  0.420040  0.761931\n",
       "TSLA   0.529774  0.459592  0.420040  1.000000  0.567896\n",
       "^RUA   0.740708  0.709290  0.761931  0.567896  1.000000"
      ]
     },
     "execution_count": 6,
     "metadata": {},
     "output_type": "execute_result"
    }
   ],
   "source": [
    "corr_matrix = returns_df.corr(method='pearson', min_periods=None)\n",
    "\n",
    "corr_matrix"
   ]
  }
 ],
 "metadata": {
  "kernelspec": {
   "display_name": "Python 3.9.6 ('.venv': venv)",
   "language": "python",
   "name": "python3"
  },
  "language_info": {
   "codemirror_mode": {
    "name": "ipython",
    "version": 3
   },
   "file_extension": ".py",
   "mimetype": "text/x-python",
   "name": "python",
   "nbconvert_exporter": "python",
   "pygments_lexer": "ipython3",
   "version": "3.9.6"
  },
  "orig_nbformat": 4,
  "vscode": {
   "interpreter": {
    "hash": "cc675355bff5b26f92c5f69e1aca057f0a0ca4de002ca6b164c6f8f7b42516ab"
   }
  }
 },
 "nbformat": 4,
 "nbformat_minor": 2
}
